729
531441
3
7625597484987
1594323
2120895147045314119491609587512844743630072107
660770441006045100667104822072575435788763358555879693315890403415965870858590409933285389645436505876486052780066899573788228427189180862389959029962306222662285210807997989977747162318001366744322315707279052848098027032059341835065626718949611546974551560470954616943598016398715921390820103482619574834526386254590094977987284143787981299202883841158160738593884776606830456330197687184622282986424531941639461078122203222069658949902672013000353839554743408759138889710754497942084537911349453023549813614699778036034789041056899638265037483446464020084577022161
108743806443195204420163678905482749350718411432267412583149339618384838519538708515082061537235127320341802887853519165283943866446414542931802201235407685841812547516747864799191361831223486643545558565112681885577602025213181378945772486052675913069038669585329946421206181123122593971709742996646546616578770399945263551383367776109378046185520810772938921208353504682598399809527717018532899843463005396959758115495835732190069978468604615026058259731201
4609775910382963500406910545492180101548268849181901330254776934840481982929200632469057888133382434820602037844833026643317617957927911834337670826948261571780145044373612110355642221629091410932985407914156559120955591673057629781982929609834255945915461564482052285505369087143093682526602389388962175337982071696823834347463297024552546314232318437201878295317834852191589249202874844144902024512164437980455879800246578851937123628385883016014796638256163878966380383465460910004401
4089832851330601479334881864585898660452942809011797030988209088790709108285790722731980869043466233652263949486812934811434467421927439051760268663228904812794001293433918405305120616650609570975139268564082563530126798899280414012912554141909571950174455006309690238367707771934791514024506160185350467371609547198602857748331464143522634671615483623928148099629762566539961026216569027624924549409925460544371406762597095997132048323
29876460386407164064069329301485124412213751270899504471842477825164363522514575261557664063033528682718271454207059607895288565098156644883212968630377003038047533457292918468682611983858894952443517462285935396624391352028531116208662841975509264834037230667300815537213979452881989767230323
38304895171186902205812948201337177423255486945441436903132183162496260215795109329274245018854463046706807162379440535397296466100493566504753679852001331154247839820421132201191937422340678470079457245263925232875983546533515148711149539730317354556947367041850413551172417107067858959268496764536791628839765818326445021205065504599738372946180983691924860441821037010827353600065863688206414440472592943756226045395200392411237515186246859728448333130931893905309540078864466724927317456747490929206852586384432758993792579298706727226146999812223745765387388252485425602735533411910375617154896743131153627579532968253535337246003615036105906054536106571797230901429875672178793962658197393953635972801780850164094760248750361196711546698538647412991358274004038522161241392396913861100866129253764955622003
31187419105123845717286056800126985927375212962663306518317000930733726349356439178093610364650454715723561276725328325020215055862415665009108832833569765027124356323730113188375297492683570900128493079464330747296354566091561845020934085007304101756832044972008565097743816917782119552309464113794097077750110767443823823445907338768485572958579038558954170682133180933259085040150068349044704769935961806822296299327695579016119952656804551026801
791924959941107393009826672371265587034170182543778081436045334203508799914995104091966837625264076060834578137745700210963252711692970327966782431361034715948462392673880094773700695546989137000414259775994009601688576687966159520951939872452682810651382170382181050211746161355489585632272882807354709341547942410242833657633932832805110261836420536785563037746973772401022455923889985909971587994810876672849433076264329689754325428088274931565298465508482270947599434163216288410472169480530347500594073878628977237530818704775467
791924959941107393009826672371265587034170182543778081436045334203508799914995104091966837625264076060834578137745700210963252711692970327966782431361034715948462392673880094773700695546989137000414259775994009601688576687966159520951939872452682810651382170382181050211746161355489585632272882807354709341547942410242833657633932832805110261836420536785563037746973772401022455923889985909971587994810876672849433076264329689754325428088274931565298465508482270947599434163216288410472169480530347500594073878628977237530818704775467
276412165640380825568899831830844892777984141806511429964300493736595114320562165370667949938753117982556394928939029785882148636568754451861457334400025104496311856756403983358038652190504442172715399183559127822306384970428011228603314421033062659300218374429246843206708438711820815860915127874530680884787308586733173953297296386053910844272366474481624057694995146774283161763895086245597439704942486649210913020524302543953428435088574864694003738291461454750993129
791924959941107393009826672371265587034170182543778081436045334203508799914995104091966837625264076060834578137745700210963252711692970327966782431361034715948462392673880094773700695546989137000414259775994009601688576687966159520951939872452682810651382170382181050211746161355489585632272882807354709341547942410242833657633932832805110261836420536785563037746973772401022455923889985909971587994810876672849433076264329689754325428088274931565298465508482270947599434163216288410472169480530347500594073878628977237530818704775467
1613975805220392892761684567742629999066310151096889226728856262935515787158855760083483350775542201388003552062049292726228835573597417258502461402623778300215000704310156713941696814978186337532803022961
3846328648953449013603129233767790485445883997018436942695750956453523542906284833479034368616259548787532180378485494316093124205898640719517157183338305729955747164668066332186822331288355780987705062796433180585305503001205408727321238594289990590466173409475198782132724744188639078051998775298447906237773983061804545981209109871860091679785094966526210484190423880339261168730954646219320712097490389209837678817280985309155993418706199111471082813838022677444137932884870812215710349171938005867194481991117940483
190683748116796615589766511371277507701260426349148337437043654910886245033973163156381027646240890976422037778530726249
791924959941107393009826672371265587034170182543778081436045334203508799914995104091966837625264076060834578137745700210963252711692970327966782431361034715948462392673880094773700695546989137000414259775994009601688576687966159520951939872452682810651382170382181050211746161355489585632272882807354709341547942410242833657633932832805110261836420536785563037746973772401022455923889985909971587994810876672849433076264329689754325428088274931565298465508482270947599434163216288410472169480530347500594073878628977237530818704775467
255204958494294308775034197457153841864769921655306129391416273788422630532651937123327945028007128826772319470941119150571897760532035567592876480469677884177404749121060280742289765745906844147022411465368327524573202303301301638632770284564301303950204561205574277208017171806816577952556340900523051196387340378697789919033513582974659082659061537192966565464522830449436892079127756936372896897135528109204881167741662962720220214267389951443646593950118033649107886093536935020886815671392851811886219334694862774916728582156300857323443709867541576297837118968798365563366021799206862667167417634978858705715318066317881350750299284721098312444286750297641914989724573083334202616953493823963452186053864049041917314564907843749734423611224875672710916455305765244913606195352839228003843
14216299677917808840746564609625499086409194636927387811996823308563931102222133059842806511275168963872149303094008631364643723392849125793986413150706733836894917761915057668648425622752256100412845172558831590110133405297807319406835417031441448857930024871425810660781359205149009152109600324239302743860510163059142237174181396338163599340559394939472816834555636315093377515764909387866421461636354768814416581681530018372909427268648327014543715756743202601954988748509375992246743555243289627464365598161066828308692703199189601332426176368504032904109927669607220868612783218448322700979039252914102028233473903539190499090152250728559225263526835379599041
1638935311392320119166899415542819073641124712211815523948298482694235538906271958706896595665141002450684974003603106305516970574177405212679151205373697500164072550932748470956551681
290332473607215332150058730765163770438304319394186484620869231313835743010629358669050611232292733161131491089816279472703414786303804801210473598578334391061564960180083593384540260634107
3966212458442419910671365779256433097896266098256444502994761104680485792040114698622334941551824185891729333090617747067852863746301856735596028175773861022082860675594962411634044322686894523823171200352765854123386843446869283314184698519162260023471518534376441033216641163191116687452396104764748408662490805691335746870685249194923663690755669212254696812828119726515539079816086550295056821764327181278269014316592308443051156946241497496031843098396519308306708565660003
117416327495078485685503057377002444023293222317056222148575438943732448719524616603394985077358911115180169237396268057529330987680467352525983622672835237156892884439407588975323838445034444805220414079623661833859442902124105182635074741160302821087325340243390475522907227484895502035449826209521237702628967791600563032509922585918190254856208782801
17355169921179030860599372020905030627463175371028719290310768996861060843548540288995539782662984637921873476153247864081023632167871159311995522216553373236860940067111033840336423831888340735153972424475936176371700603893944943060732665920297884448442826365802530828333056230345289050094133928428744977085416565969542554447328484397475272830740563469508974600080782028259843893408753360401
722262850069491888469570929717294065254747479394776599705168079488082665357015346229883986753806277695074394304425576963097278026360266513945354526784876992170650701717982912597085079650066356775534480138130955144547752136249927318337418941799596040132603001139349218146693045021033844033409557701534458357999805063208974098164984826406726583374454856448347143959540533205983717714012568605721763025776292679693978645609410068226867208690155312429188424363318731999948623101629629235723393549930885914970563336943902266356383843885058239720884843189759330595434012579750082234048834956476284152773421374490780279097388789269445668350975498072408944953860457227
357696375577472520141201556723071423606340542102846040734750372420082212358817904182555085988254827125812121749733542390700067934628602983854551138338058083054088679120287462296271962637415576344610352720072449215289217014569954684622548589293168193803445760540378767091038638595341184956184960058784456879924897509653160006848764963
34616957840581041122428163103910114369012955973165932484261758608081711886156563501311309317546335939087789623406369448844838117853087766475654414650044751569601724482012596989681400981595202028889345565167898625267749527010848678545891147348609915314195560685276789039194522697697751702467988977686031156139965847556240913830881988846740825118065854698735894357713814923053350518578591815973886408877413502888539109355528867782403940768355792003239745324542204096997241395963837309941393142547442052804750337920061464347
758636507077959486797967387552196567566303561902196971661294668101488064822525327383078637561164371930162658227364864544857403694320511247391741140626685426706835103765537938888613299329116838544479769866372680146627187575263745748580641743838058064703131942205922896461364396432265585352795573380022781014788790871561863688347186916913471343572592150436952753040475279585187041
103850873521743123367284489311730343107038867919497797452785275824245135658469690503933927952639007817263368870219108346534514353559263299426963243950134254708805173446037790969044202944785606086668036695503695875803248581032546035637673442045829745942586682055830367117583568093093255107403966933058093468419897542668722741492645966540222475354197564096207683073141444769160051555735775447921659226632240508665617328066586603347211822305067376009719235973626612290991724187891511929824179427642326158414251013760184393041
3905810620952220529857195000757761870271347244567247066274401854029141798339977667804264173760803854107269483813640635747137554467755865695752668493876460438459832624764165335946296758153332079684944093532195838091792081710020309025977819684279817258121266044603511359516664198355950135829043045360734979995043178069666194084001558230413206395870756008706750380707571589630933095977332222893499386746387307094616077607164076403975856865964253503250847943140496189432949391253443483856702290300158643
32259163734135036905562081196129307826478257710465164957874359034870638112292150963227845692476970351236832343312919941411490531811533866801163733175370487895729440020009288153837806737123
1342516128928335857039057764265219127786647054719350772631473328622035043451095166852864957249816386670886455405599002040542516869708821517676570385622317109158179598972195861718411874459549217821550105742131875130587679323619523196861388716699702630481958883769505511372915816334846839156910407366006748352824325925250167301029231803819482051673096429295542237140166724476523454438613790352258022758802535764935285376491799162840370104550674259580966169521
16830587865558030779155892446855550043016225551488876670733370735764235013521772521530785469314675858651291973196761048606726203382417444657449665280777386060880663758987318540350290603500450909362713039358364458971715221807738329271245078773290419548043024717323828141430896180801611168825128231215434022105389083121822459869676807174990266138335323555259868722756224553662391054389172953188989915267182965203174513426325497930584561
268888143477664476576623963713366119709923761438095540246582300426479271702631177354018976567301758144464443087863536471057597085883409803948916717673393027342427801115636266218143507854730054571991657160573418569619522168256780045877965577779583383506335076005707339834925815075937907905072907
71420452350530991195882189386440455257050104407525593787287115213420003471393169913561892109724216616962442288696493267823142519209346334617265523524911000974736378877000139260643719472791525659069845368213729120871195900798127337698488337120567425713756487102068028100136033869733699794626065549089485502409121670656553722005467013981379723583294499874522529218439432215061085981105980907
52707307769388641421446478537735255957814292610987574069219063591832519708295034729171582081139146681614421665968632011778345789247835682265054344409001857032802554347308342144012484936400835054525870302589875160955308098594262224995263475112315540941076423389228167018781658219333378863847496799271363336970923394073966186231197686035609106906911291531104185906373287968932343273353221325310982099941368716801608969585690538496521318813893694935294507613013214844766612929546592408329797093897084414811264630736059177733342797634391554593168119546747582733343951365265594064505174378943121
1322070819480806636890455259752144365965422032752148167664920368226828597346704899540778313850608061963909777696872582355950954582100618911865342725257953674027620225198320803878014774228964841274390400117588618041128947815623094438061566173054086674490506178125480344405547054397038895817465368254916136220830268563778582290228416398307887896918556404084898937609373242171846359938695516765018940588109060426089671438864102814350385648747165832010614366132173102768902855220001
357696375577472520141201556723071423606340542102846040734750372420082212358817904182555085988254827125812121749733542390700067934628602983854551138338058083054088679120287462296271962637415576344610352720072449215289217014569954684622548589293168193803445760540378767091038638595341184956184960058784456879924897509653160006848764963
17896102346453053754839667333790953211902640194643533325495418220352453699058774059349944380027268879009323157658324654401666055125814258882180097953488071506918592354733666967737210554036647585005397664932733094628782640165234748153494092540817378614132806011795530486649478354655616832106359733199396083314886113641299044735546804742903559648865841
767988022113922934569511929144845506468012403231003733828836874685462304286037839401191649098971643175358800509199983056772781119116000035649678908233886985054696254686107999164587714230807389020261068574779294541600941058086946672277847351640772215666781708340110923979289286797861623711951253806801236050092919938468519272784833576304858081780109703855078879059932037688022048394615000307206194464690917579278238417747713522154808587303559081049634325079978701072977415611972728455015656070862131220798591919397536784736172773894315404041691800320475487946217953851335370187
148247997323372025240624071171845930892102797062912176728321123984488095656095964876115417845998106673049479251727498187314180931270064629138037300374123958881112644286168019720215100645892707257635424102692212588529451010248150419742527652260406430036865530805470910772396120621930789106247620297544228081501382564942858902522234606667484122158260993693290017667076220592739812369591222321133059873490904291045447901025104472805822536528300427212800496448296611621575835268431951612900092953018014739989536373005934893371175708960827522103321604752215302192696856317768112399272144618723724528198618851637594526872645139100474173599238614647726496155129715874542930294083882116300145027563105316335312444853972053961186704631511436733983404117558504580242149647168168311490079949515226655390281863316837517189507126245277367256991596390133194675651747524826759606891712973233335866733507608641
170204863733722518233708633056871829414070549961023128844011480242390871259059060604382992418718762344031396519620656334858134161143150880141919722833874949955428385533346354887105798422207625584290258044145073118606513322930748415336538359458363068366397630363870090031959853807722191134353487163645112855184001585989952775725522514245334182933838794046097448736851016745425336269141586642899516371242703372216378086623026057352410444649631365772475253153132803445291321701136857686345561969994406966216587680066593403343429534204440395066893528229035320468819966718808374976227288070099486659514604227604655997039475056204483753731875501472884827589293562449093689249912852198624165645129909303333251921
675155121849745212129793196759870681725592001960937203444022441244641816765582369161757600591162976283304329
26667814741084697293836333582605203325157153305983768526604878681453634235568930771147395827314681554212831976309596323498437856892247058774657994532533327643621886834035306367718265501369022726261550950465254747482479811708970106461424268607012805132206569353648614438454236726737863743774872557668618779651489491365711539867810181887753623457361417337251984713064913617453804219279742353471980424194408625886465551047708709294020354304439567411709922111512623616992268628369816463637033776057078278936847991926717260801304598718182842606144132713362183425322974992530854423235731081431168111264778770709196628283678983857726865688846069866629630975783476179882075106754152983403699383217644911673030455445956218110483304361631490101145408862972964344648016122286707327661988533681044229730053840482749800204822684600715619373510573363467556872280739948402775885233116149708267
249799620696893784357094865956838755317958346625791117809525755630884855800376765539840968703725194703655688767505426963194173231851456365291746868674546182009460836904854209869921
22116757890994160811435630525385877224229890975270906605475087128176471643531309106318636015523106250010962344021083838243515141310299196391860169827653825863879044261020642303506705797746818862806001336045620287531720519271307903427049927113449917818521624218904275755131307
9510722527101357340525747647537197965886751007681553994034610554442328346281493944874993791266071800329593708229097712659875810002117855554604673436499654209708323639592014707001230914047790029222853540449516608542614875072052519793441054033984528508073352559714628517355485426276535664871435922971220253912946391119645605633303729459373410643352911406881
13999798259535702404833820876257738733962018910651077582664448956544676526342085052992367636163287966349150082784710951905141563043532213483534834540423035552397224099877908002845256187536401972071732059988162068281346610640424533672584677477873566491809370010885870870768361732991531425569554087895026804492325280731953004777235993469444820469753597805515510331690135014377113778028079872145443744751196148389983630538995752182441955835510690866647301805758045876462406552330751936324260434384028437220988823359734687168706954530275648656925543171544451439555785837498075551865351075467882629566288443098927685829959007976720434081209848105957988945452299205435624370181491553455267121
73646511713798575122796984912719972065442963763965157718088140824495694234809769791563557119453781395100095299005451252681753313274955797869053901043160788094315194875447189167642841786159043559692994505896020965550545844301377564417671162719413080716595909513561853854524602282533402601260739642795868655616815282474481665578381912522236870982987
3617322422100172101089523355148834770860744397535544081460907418993299529018843549412955732999338610729791986199910305886248666306159655926020920834197463992851165271118854894497474940425717873955671932320410342299199893312533071477653938954235055507152041248217135437049692550592106276154706655817553165728825379057377306046190310284749593705385783598851100292776374122112595440311585844331475800602674894503007099281968961111684792056960905494102225752585532862137429994570833101620761192616262655601771327983760201119014802620758320586574903283493318691403984083358583431788158195116448798698519819843
2565247350336538756158496029089399488342665074148586598191338322780709497564665831661451831933344895389619261270654023564506356253988331756965350599112541694997814930496466779507741289971109725554444907690651495042175769213189807845030495164348486442317181026874535610643331227069289920564720047434146322527875184136842319748464686354974891958289182069083961091717150518771893164820785391432554475730404353788016234328048391698001
13411318734290290995780227817088614320888925850459416441193675323942976170891888162237579597034057749679665669829221497586127668744482892647915839918729101524978617634064592029902296322494693170086102385747328652503659277684061703347252957246569506861274232762319108709914582149663662138770730796581732278980980921103538309838167163420296876523504556161587207873917827099544826430996121626276001083757741480344280734242143468809875280328003436663877431717869604412396474693275352476933939092626976705796780197439905455427370805683
58503290855628842966035245307100819285634545830976904576118614438534695893918243044620602927058308493301025938658471734010879520135181587629573716669575036365822706839156615920363891451655374898818292891188607366708367923036244112785330934285767279250740843092287286669882136646703741366706174173824291126997984210119926901951363770938944853253330843372316118660722783189684681134835018057063462805087879707055212270294362215526376243903902580306764262373428817291995838471231999968093594877544401759112615630292456083574867091354689717417391672298370505778230155018959756660957955631474579016374647131333753202606888491930825099136429015343865124541262697035387
3978506372830910620390151108998527020132793827428444783035406705257741098049841430403061731020778050650421112715326000001806617447689016390448087874886256949508940849639699168532554389972463676594763763009641463512940518039358351546384547447534993247422849209
14436149206272109862694615787673893976239545754543390738628568787498782489433228914263265869119469242637751668228040022944726303586249140691410596441374147605862809380817908015818035715889434467533337686386249144619683401539981308454814270062944499604843823691596869373491156727783156824195580459710398352714173893515043436958152790909747620667664309914923396589590214401569114883249954701871330173338485825671077518803779841945030327638809530468688166219044756701941143127264411450645446755813491192513331112022295705282835690033677208993726278495559010247128910308566133035802153906880999525452375785868026562527062045173162724145078900609361
19323349832288915105454068722019581055401465761603328550184537628902466746415537000017939429786029354390082329294586119505153509101332940884098040478728639542560550133727399482778062322407372338121043399668242276591791504658985882995272436541441
1541354884451767706866845713432101638419559829558509690353076170064832927241866513339213642929256301543452915544095716715113920615019610649916413133603404486758402173839487725685775634182228574121081231904675407508859073326721533802334207554167708928528258230324043201
326231419329585613260491036716448248052155234296802237749448018855154515558616125545246184611705381961025408663560557495851831599339243628795406603706223057525437642550243594397574085493670459930636675695338045656732806075639544136837317458158027739207116008755989839263618543369367781915129228989939639849736311199835790654150103328328134138556562432318816763625060514047795199428583151055598699530389016190879274346487507196570209935405813845078174779193603
108743806443195204420163678905482749350718411432267412583149339618384838519538708515082061537235127320341802887853519165283943866446414542931802201235407685841812547516747864799191361831223486643545558565112681885577602025213181378945772486052675913069038669585329946421206181123122593971709742996646546616578770399945263551383367776109378046185520810772938921208353504682598399809527717018532899843463005396959758115495835732190069978468604615026058259731201
1449584290062697354142013054037067210164113855766126199365128875848548749623760698807345494782208779199755175770324297006534950465190954969456587934232533792060405980733427024386714054876968454385437210859551380664931393853384014600433021495806207667744757286955437969418607746727104963400615138389151082748505775204945222623579291184175188331558133121
13999798259535702404833820876257738733962018910651077582664448956544676526342085052992367636163287966349150082784710951905141563043532213483534834540423035552397224099877908002845256187536401972071732059988162068281346610640424533672584677477873566491809370010885870870768361732991531425569554087895026804492325280731953004777235993469444820469753597805515510331690135014377113778028079872145443744751196148389983630538995752182441955835510690866647301805758045876462406552330751936324260434384028437220988823359734687168706954530275648656925543171544451439555785837498075551865351075467882629566288443098927685829959007976720434081209848105957988945452299205435624370181491553455267121
119232125192490840047067185574357141202113514034282013578250124140027404119605968060851695329418275708604040583244514130233355978209534327951517046112686027684696226373429154098757320879138525448203450906690816405096405671523318228207516196431056064601148586846792922363679546198447061652061653352928152293308299169884386668949588321
96777491202405110716686243588387923479434773131395494873623077104611914336876452889683537077430911053710497029938759824234471595434601600403491199526111463687188320060027864461513420211369
119232125192490840047067185574357141202113514034282013578250124140027404119605968060851695329418275708604040583244514130233355978209534327951517046112686027684696226373429154098757320879138525448203450906690816405096405671523318228207516196431056064601148586846792922363679546198447061652061653352928152293308299169884386668949588321
2419993291298980289189615673420295077389313852942859862219240703838313445323680596186170789105715823300179987790771828239518373772950688235540250459060537246081850210040726395963291570692570491147924914445160767126575699514311020412901690200016250451557015684051366058514332335683441171145656163
46336150792381577588313262263220434371406283602843045997201608143345357543255478647000589718036536507270555180182966478507
87991662215678599223314074707918398559352242504864231270671703800389866657221678232440759736140452895648286459749522245662583634632552258662975825706781635105384710297097788308188966171887681888934917752888223289076508520885128835661326652494742534516820241153575672245749573483943287292474764756372745482394215823360314850848214759200567806870713392976173670860774863600113606213765553989996843110534541852538825897362703298861591714232030547951699829500942474549733270462579587601163574386725594166732674875403219693058979856086163
13829327731148890501220731636476540304644806547545703990764330804521445948787601897407173664400147304461806113534499079929952853873783735503013012480844784715340435133120836331066926664887274232798956223742469677362866775019172889345948788829502767837746384693446156856516107261429281047579807168166886526013946215090471503042389891073657638942696955311605634885953504556574767747608624532434706073536493313941367639400739736555811370885157649048044389914768491636899141150396382730013203
1317985511089392989489324347971218136174030924531380131865030093251399034234292089319904237837447691188305194563062897286711138510357547559715560548222902196239510596973200001978515378071867739428904530995094633097268998513891827868736222359099570505934684551729039478074376085522845368673984770823350384459279345853001229181703313431974947893892923102831281456078470465810278838421023106830827806615380401620031857065435375494705008577770119167129092543836519731241870290198850513192751367132736288757948893715323817605398481138702298177112363782822818029653717927542095288947616459722909647090306090349325763179031104802031911278692404170752710197441004952495635995518395405762529242317356447067
75941953727633401495975387751402956733923326118809345407235519553869229325728583088194883594381036053597459297291102962102235616819707779337063631974568333458859243134297205349383789755750791996147438576859815194787239674509466480142883732823561088188983876043363828900117645006918265145966606872521220267
128741109194561943124110689460064394567190066265531099292056964867517256022075875724201919305062575316390000284356993451907034543121330804798094183069715214642029341453266170472709748173053771326288360873295670459455029855631921
1633870865462528996991958388567962680745177736312018795100511254075378252667117697681721361964634077041432780320363333725035597820392964235005000734256235636227875308869363440095640514647128646925909071336864811210399621974491551317058888089375052264739535264241058177140939351008843051000017011607755357504930389023858887338721229659042393957415023369552726957656805871132474251280284194215368523429627
3131637955275966295145785461996019673777351260790443889370411675044410005923070780300593191972751121637594039386625316913587793289310973381839010441114380961
16574273196646121691840219311916285528230210552090750279400905291630062264828335393245246385800202304578845128464185210377068109502578043428105807229905149495779995049039455082943356474809249602735186490643603396673921966958265718479770231070366699141752578811969203844110071806603047396998893918098848745096596616361113176555916442022462741378680202830809163421483539808352141412822392473484666947639537478579447967611009866207905803759884867402234150241
27669746574243916018763372598485371145068972147064620825086136159382517107268839399172235972914597656885515086121074594405249840308776850327778636966862023679111844550616664805426688252927715065892886777707747992521458821902005983455416486128047084027494712260005388357820443208332792274213229887174301978101752595706258994034128091230035969405324787372397956911324592645641319095671123883814603523
11190205439652578378416312250378083215444179555214816395127612718521327556073606833871621698003971377609884211080067394431543775968927176791985622617864929510445311703974631068735239586072606932282042298892090515471862809396591675304672843214103736675888695159460018238134397134561396829596099908256186808151304615735915849175892633978356641081184843793428521034969005006127630549716298111477286372104938812539407290184799119749185573843802130654208434343591651150047230092139655166761241306564877525843787593603613575776639554286387570293570381944596250911693289
816607973196610835206582982402303228448971181826026274950642969676186861829959104439996197709164298181165189198098636170783786068393055797717415373981403692656137354175652264513170952634928656172545566055769091978599920198107139942988930031593308938051086269763302116220419617680137616578540033473086482474597510054877251783150080678008409921927312514195001134380668490561183460728541670015736958936256393694923817738974280703884105639397674018637973180077164662667257385789756003824549623947
44251253407592643217506284219656114988310367229719019146604059032744359550469342885086208082958807066168494298097283870248958205502789940742337082545089832504429958875184208715826895387
791924959941107393009826672371265587034170182543778081436045334203508799914995104091966837625264076060834578137745700210963252711692970327966782431361034715948462392673880094773700695546989137000414259775994009601688576687966159520951939872452682810651382170382181050211746161355489585632272882807354709341547942410242833657633932832805110261836420536785563037746973772401022455923889985909971587994810876672849433076264329689754325428088274931565298465508482270947599434163216288410472169480530347500594073878628977237530818704775467
122948396651881333596993124697469647786887865312343639801820896399853347829278087496122074333471311451515520387683372871997072284354554094169600693952168736782088615050588141846430501991188868117051512190477100397631240131804654799212604287965058703020729344309879899330098680876057571058561
963789627401508038293141884359313242788792661876316014227726948437358047465747871765227390797093277171690227941020112537488245890351351186749834846713048228366135144169575866027072770412915369289030601685722102551983002957589235845346881740156429185703579003853475171071643802655441355050932253457833863304985265782994586489576515554366450276853627618577891325517233093543275996395309031721698807688731505050619370478931930951661431137936683891535737872910354191918530181455380729
15587458986520816816612418392283620549593571703009183976905680313127663708726848633842183264978072809105407001485248617252389703124252734965370178596479246314013585274999981905430750790451387183579153875170890090990036254949237917850897032509486155762051155259632469611317799693960101514000027152297162743969688150460809694883208699948102985283726265425550237271973684762169324999949926592665970766501862485551695391240110801283434387401061515477999769696603456539061599662634586204783323711885278829854193156153054158966319104566095516961
31284089534278552179158897538795647879827186102524057127969842462806693213364437800981066391130205801882770069098749408813409393978483385565936886485940797158013129973143679424868468806052066432288071692210847921647572254918556803
3299122687584745137204367643230771106304997323142764671919892526213274482351735424595090152580805831487201081992151782359365957048266356808329891738576418898384550273099110184494910603827424479869838674181059409833013059735407792907696592569535276701736861158593056561375652527873922258647738643928389281331366095207532193114305843094745273866336452296051523189325911545359997748735545153365459326965824504140992990653748551563388621812295143879168563643028714331800616525107242938555105725864904443179487735448344512225826058337229629080065151365167343274055473303802181974301995992231288914893936583978868212030806302235382565661039319775858591452481276532369619717771944703319704609243884667963269698910969623461539798686254883
1427508429116232068654784609302249106798879954505198077794702832678487479931968604949709633922042845640744049155719759192191426130690916296243122266868166789364830910233756783704330865193157544383063726483979745910886039231568030597151220443733280015473273500173909985231407430800908445815801892176220466645947134059212337189541617821947255374674878585650999364069530351601
19802673808329368810280680092831130282907470170841413907583770627570346350388517029167717241590492788254803385772345710486593009034635309590412340797495401379784375007980669431849157360616508185916786949775376055719730317613143084300156749057537036494984668987101329730440544208207348181338244800700134914559909318950676868255353622647116077733421549951883945939081226888297825628600760907916776643811366016009708530595034076742154084552550796253344535279896785599370566704066408025576744521006160757905803994543615507932559245588034580238307652257282592931589726074850662600551651449768174932033437292000036436936984972802692351364991633209
1462918387638636159341883208747897842627675244432336103625637812472513716352050443714545050060853714597277474724879643896420265029980878051688779256232896770311051960046545741996301172995023497439778529309375751932823067733747028337128021596529343916477919438700079620689105539115563810381002907881098060691850163921138100686151256291416704437580014278110297130170922181119769767931684757956329364115219670082621677487549187818342065611750625489301339844467224650772626338420324361547230626506492641162459334085011972364491336124967647194825863724431055270571184892098074533302202714684614162892669411400102123783580067246017099356101041010380616651228018660236193701973751223146491001559816612897393646666054489584676323551827737429706783271193346040356201038985307049
1103116283258102431095259805186845128783712255978524134362086403188977540371382667969849727630538275081474468366042656939170218630876179808720314733144381108511144553748984817770160240913718536791086516850696780602382161167987113731303296201218146550514573501866253984693309617736998439110545617959029037837482852459796967521539944468697332479486762211922093110279009728866588780156400225394756408426839921844034221609241673703689370560169085462038317411251382582241894666800441158740778234074684907903255955283
27584244764354155600648132819557552425739308911053695468526968667034154323890864994134663497833719592115504382599703439971159691892334079575950404443602011446419336838856217871035340130932411874730384556226187585284602489506430910226260180660548868167768949533427872186443688573136754877140349163925082852909890811389633325754158218960155661580859917647983184095293217869194797812875032890171652755437809974386936487593188723410660757927857155382408123260395142706116425963755121964144605143879103181152277185695248883232464581928078865823739449075099419284788299002050992377522786600848885184950190177034353137197041
2449823919589832505619748947206909685346913545478078824851928909028560585489877313319988593127492894543495567594295908512351358205179167393152246121944211077968412062526956793539512857904785968517636698167307275935799760594321419828966790094779926814153258809289906348661258853040412849735620100419259447423792530164631755349450242034025229765781937542585003403142005471683550382185625010047210876808769181084771453216922842111652316918193022055913919540231493988001772157369268011473648871841
401924713566685789009947039460981641206749377503949342384545268777033281002093727712550636999926512303310220688878922876249851811795517325113435648244162665872351696790983877166386104491746430439519103591156704699911099256948119053072659883803895056350226805357459493005521394510234030683856295090839240636536153228597478449576701142749954856153975955427900032530708235790288382256842871592386200066963877167000788809107662345742754672995656166011358416953948095793047777174537011291195688068473628400196814220417800124334978068973146731841655920388146521267109342595398159087573132790716533188724424427
321263209133836012764380628119771080929597553958772004742575649479119349155249290588409130265697759057230075980340037512496081963450450395583278282237682742788711714723191955342357590137638456429676867228574034183994334319196411948448960580052143061901193001284491723690547934218480451683644084485944621101661755260998195496525505184788816758951209206192630441839077697847758665465103010573899602562910501683539790159643976983887143712645561297178579290970118063972843393818460243
744774608637562201217499586128053915494961340598449777650228154009922166745053354841635914441510428987118618330191992879221311681093020148550660919977254309053322094649117882517954183535175120617720383018107064802684267216673634576109024877834819440529761637402552549033979591474692381682789427425977237028567051907520099795362271911924202862683217776495545970572916882468259540947625888034634624396820869308447285165016095532087840464052143195325019328030668853065143501021388293031904338884735785891111484013771719847276543712058129377240965125027684320689284073055376794193115238222919899993655134779927534704320107
2037780315197892556463133335700635380122532471678485922648004456918809992935019135643479478078246565906165296282263122385787985242387701928332932535133688635977322498057452728630831016939272257639722590639153566567002245762974752162851505442814944872503319343836744343684004360040802629671155699491932432937478648612293143136134249925202264293193722846818778339430628590057642457584174161550795931249517276926748173826619664691399299273329525071890429580889953847584231952328499670508977797507927170176325249022214541461840579571437370012385539433374208563068774508585062930471816759157018697525790583152255331972563877521442497791877314907239666730626402169321547965841515048425884802382043399774178518004402650173003654516729233321758683263201
27248361297110067427811606978991090748147816142666679981910043208240790048000424013358686201199957441390543000796881553175157437091545085531928451195982703663563588226534898961700441519457146315619225268490003577327109254413213610074888693819275323951529319723621271837759071796392273319563420858335558554060797266994353854765069100007041893704348242584162226546197422452284591420755185112489153358535172100090236039763
178224064274964319292526120835480172546167231537572725168253935648133117153496653262509455174314435094293230471951111394379337081311717786313711067177458612418059375071826024886642416245548573673251082547978384501477572858518287758701410741517833328454862020883911967573964897873866133632044203206301214231039183870556091814298182603824044699600793949566955513451731041994680430657406848171250989794302294144087376775355306690679386760972957166280100817519071070394335100336597672230190700689055446821152235950892539571393033210292311222144768870315543336384307534673655963404964863047913574388300935628000327932432864755224231162284924698881
1002971188600614663150284190155603955200617066181876594249473817457019114430836145127797993749839918827033309464267565334175862445536272796034268024429251940663495487581419564106883958405197757626499922640437772543003870570032772446105296138738348545664449161935667927439313385318979668714046100270369625343304098956008005482336028966370075213149765790910209684658529723715170312763029974391034940614517575589237587403900795836385205257985986531659528782869541288107538127056274725815745025110314114135755754080526524928366533595368001178518698117225616505228620260312114126495461765581258486538565944082079632219341178801552333266897431859689326482499191715199738396807545672024213618286841325002347457448709045671332537053947392311121373460173418269413639253561966442976044682864400019028722539835095064599800989871528479689933866110802315517922789207041
2412515311485470016805333193943630296649978703825032281849882963774293880792213894850061354327987207603184662316535290725965268145726205241671328321386761484313873139049029796463340446878302439962106212352473859177409786474387817730360308792064086505975372248581497464524268133990815586334763266476396505750574998329575967969607858553041066132637548957473617632180194277031229662202047292938332265229498909072902842659411540389968653415089789905477800178406773707363023636292564814166081997921335893584420774203921
611965085887717778098950798459022773658411493370509560401827705850048452820578641851929595747845552615663490720632226325945667625293149713147636604689203724298075031215101913161219224871867620475019730959336879545457271970634633590263929689871108276823082418163327743713480811704831160397308526579038802449497843906871402382952814971559350113168844257888298233361219635433292710868805156009766629927472367190173691369418533554023506073903296580111826274483828511052830455215222274222343732981105975715652483346037556820559196669351322194658177867231786291798039809723762216316552136238027000227011129568241786974900473986432445980184537784634335701895191158598529009794561
301201922992997368254641982706446893263749693511417211990228053304032561257961527116495187669163814628048126622124574150825992529915058585238817399478200439501673926577972832475843896255081127977281082237980149799403234916103620803898788480510704006270858158589482598547334395534576861909327039087682545346887783770531608443573458972905437417089072138608802668396104034428206038619636962247740689998331374286118937259300477338118101329839866951786891701630943335184859057401353984911281865652574806806821570192114912735490135971288822817211384464443919201266142494319662499534152871522408417723388145518568998301013688971910652862552386876961296343770900937495234046843341771318129213658556634948485260355807396097566609494384102876258043555768978336951834924509935071825109794880801
161064921118077483793557006004118578907123761751791799929458763983172083291528966534149499420245419911083908418924921889614994496132328329939620881581392643562267331192603002709634894986329828265048578984394597851659043761487112733381446832867356407527195254106159774379845305191900551488957237598794564749833975022771691402619921242686132036839792569
124849745640593184256214502788000232711984346194239284918599169775251467106591187580476305077269760425019686159071753053924227569816588462643229463821875763427430576080998505780547826368760514503807579784278708008217584939464444237989070811887584423210788916656247499281

729


531441


3


7625597484987


1594323


2120895147045314119491609587512844743630072107


660770441006045100667104822072575435788763358555879693315890403415965870858590409933285389645436505876486052780066899573788228427189180862389959029962306222662285210807997989977747162318001366744322315707279052848098027032059341835065626718949611546974551560470954616943598016398715921390820103482619574834526386254590094977987284143787981299202883841158160738593884776606830456330197687184622282986424531941639461078122203222069658949902672013000353839554743408759138889710754497942084537911349453023549813614699778036034789041056899638265037483446464020084577022161


108743806443195204420163678905482749350718411432267412583149339618384838519538708515082061537235127320341802887853519165283943866446414542931802201235407685841812547516747864799191361831223486643545558565112681885577602025213181378945772486052675913069038669585329946421206181123122593971709742996646546616578770399945263551383367776109378046185520810772938921208353504682598399809527717018532899843463005396959758115495835732190069978468604615026058259731201


4609775910382963500406910545492180101548268849181901330254776934840481982929200632469057888133382434820602037844833026643317617957927911834337670826948261571780145044373612110355642221629091410932985407914156559120955591673057629781982929609834255945915461564482052285505369087143093682526602389388962175337982071696823834347463297024552546314232318437201878295317834852191589249202874844144902024512164437980455879800246578851937123628385883016014796638256163878966380383465460910004401


4089832851330601479334881864585898660452942809011797030988209088790709108285790722731980869043466233652263949486812934811434467421927439051760268663228904812794001293433918405305120616650609570975139268564082563530126798899280414012912554141909571950174455006309690238367707771934791514024506160185350467371609547198602857748331464143522634671615483623928148099629762566539961026216569027624924549409925460544371406762597095997132048323


29876460386407164064069329301485124412213751270899504471842477825164363522514575261557664063033528682718271454207059607895288565098156644883212968630377003038047533457292918468682611983858894952443517462285935396624391352028531116208662841975509264834037230667300815537213979452881989767230323


38304895171186902205812948201337177423255486945441436903132183162496260215795109329274245018854463046706807162379440535397296466100493566504753679852001331154247839820421132201191937422340678470079457245263925232875983546533515148711149539730317354556947367041850413551172417107067858959268496764536791628839765818326445021205065504599738372946180983691924860441821037010827353600065863688206414440472592943756226045395200392411237515186246859728448333130931893905309540078864466724927317456747490929206852586384432758993792579298706727226146999812223745765387388252485425602735533411910375617154896743131153627579532968253535337246003615036105906054536106571797230901429875672178793962658197393953635972801780850164094760248750361196711546698538647412991358274004038522161241392396913861100866129253764955622003


31187419105123845717286056800126985927375212962663306518317000930733726349356439178093610364650454715723561276725328325020215055862415665009108832833569765027124356323730113188375297492683570900128493079464330747296354566091561845020934085007304101756832044972008565097743816917782119552309464113794097077750110767443823823445907338768485572958579038558954170682133180933259085040150068349044704769935961806822296299327695579016119952656804551026801


791924959941107393009826672371265587034170182543778081436045334203508799914995104091966837625264076060834578137745700210963252711692970327966782431361034715948462392673880094773700695546989137000414259775994009601688576687966159520951939872452682810651382170382181050211746161355489585632272882807354709341547942410242833657633932832805110261836420536785563037746973772401022455923889985909971587994810876672849433076264329689754325428088274931565298465508482270947599434163216288410472169480530347500594073878628977237530818704775467


791924959941107393009826672371265587034170182543778081436045334203508799914995104091966837625264076060834578137745700210963252711692970327966782431361034715948462392673880094773700695546989137000414259775994009601688576687966159520951939872452682810651382170382181050211746161355489585632272882807354709341547942410242833657633932832805110261836420536785563037746973772401022455923889985909971587994810876672849433076264329689754325428088274931565298465508482270947599434163216288410472169480530347500594073878628977237530818704775467


276412165640380825568899831830844892777984141806511429964300493736595114320562165370667949938753117982556394928939029785882148636568754451861457334400025104496311856756403983358038652190504442172715399183559127822306384970428011228603314421033062659300218374429246843206708438711820815860915127874530680884787308586733173953297296386053910844272366474481624057694995146774283161763895086245597439704942486649210913020524302543953428435088574864694003738291461454750993129


791924959941107393009826672371265587034170182543778081436045334203508799914995104091966837625264076060834578137745700210963252711692970327966782431361034715948462392673880094773700695546989137000414259775994009601688576687966159520951939872452682810651382170382181050211746161355489585632272882807354709341547942410242833657633932832805110261836420536785563037746973772401022455923889985909971587994810876672849433076264329689754325428088274931565298465508482270947599434163216288410472169480530347500594073878628977237530818704775467


1613975805220392892761684567742629999066310151096889226728856262935515787158855760083483350775542201388003552062049292726228835573597417258502461402623778300215000704310156713941696814978186337532803022961


3846328648953449013603129233767790485445883997018436942695750956453523542906284833479034368616259548787532180378485494316093124205898640719517157183338305729955747164668066332186822331288355780987705062796433180585305503001205408727321238594289990590466173409475198782132724744188639078051998775298447906237773983061804545981209109871860091679785094966526210484190423880339261168730954646219320712097490389209837678817280985309155993418706199111471082813838022677444137932884870812215710349171938005867194481991117940483


190683748116796615589766511371277507701260426349148337437043654910886245033973163156381027646240890976422037778530726249


791924959941107393009826672371265587034170182543778081436045334203508799914995104091966837625264076060834578137745700210963252711692970327966782431361034715948462392673880094773700695546989137000414259775994009601688576687966159520951939872452682810651382170382181050211746161355489585632272882807354709341547942410242833657633932832805110261836420536785563037746973772401022455923889985909971587994810876672849433076264329689754325428088274931565298465508482270947599434163216288410472169480530347500594073878628977237530818704775467


255204958494294308775034197457153841864769921655306129391416273788422630532651937123327945028007128826772319470941119150571897760532035567592876480469677884177404749121060280742289765745906844147022411465368327524573202303301301638632770284564301303950204561205574277208017171806816577952556340900523051196387340378697789919033513582974659082659061537192966565464522830449436892079127756936372896897135528109204881167741662962720220214267389951443646593950118033649107886093536935020886815671392851811886219334694862774916728582156300857323443709867541576297837118968798365563366021799206862667167417634978858705715318066317881350750299284721098312444286750297641914989724573083334202616953493823963452186053864049041917314564907843749734423611224875672710916455305765244913606195352839228003843


14216299677917808840746564609625499086409194636927387811996823308563931102222133059842806511275168963872149303094008631364643723392849125793986413150706733836894917761915057668648425622752256100412845172558831590110133405297807319406835417031441448857930024871425810660781359205149009152109600324239302743860510163059142237174181396338163599340559394939472816834555636315093377515764909387866421461636354768814416581681530018372909427268648327014543715756743202601954988748509375992246743555243289627464365598161066828308692703199189601332426176368504032904109927669607220868612783218448322700979039252914102028233473903539190499090152250728559225263526835379599041


1638935311392320119166899415542819073641124712211815523948298482694235538906271958706896595665141002450684974003603106305516970574177405212679151205373697500164072550932748470956551681


290332473607215332150058730765163770438304319394186484620869231313835743010629358669050611232292733161131491089816279472703414786303804801210473598578334391061564960180083593384540260634107


3966212458442419910671365779256433097896266098256444502994761104680485792040114698622334941551824185891729333090617747067852863746301856735596028175773861022082860675594962411634044322686894523823171200352765854123386843446869283314184698519162260023471518534376441033216641163191116687452396104764748408662490805691335746870685249194923663690755669212254696812828119726515539079816086550295056821764327181278269014316592308443051156946241497496031843098396519308306708565660003


117416327495078485685503057377002444023293222317056222148575438943732448719524616603394985077358911115180169237396268057529330987680467352525983622672835237156892884439407588975323838445034444805220414079623661833859442902124105182635074741160302821087325340243390475522907227484895502035449826209521237702628967791600563032509922585918190254856208782801


17355169921179030860599372020905030627463175371028719290310768996861060843548540288995539782662984637921873476153247864081023632167871159311995522216553373236860940067111033840336423831888340735153972424475936176371700603893944943060732665920297884448442826365802530828333056230345289050094133928428744977085416565969542554447328484397475272830740563469508974600080782028259843893408753360401


722262850069491888469570929717294065254747479394776599705168079488082665357015346229883986753806277695074394304425576963097278026360266513945354526784876992170650701717982912597085079650066356775534480138130955144547752136249927318337418941799596040132603001139349218146693045021033844033409557701534458357999805063208974098164984826406726583374454856448347143959540533205983717714012568605721763025776292679693978645609410068226867208690155312429188424363318731999948623101629629235723393549930885914970563336943902266356383843885058239720884843189759330595434012579750082234048834956476284152773421374490780279097388789269445668350975498072408944953860457227


357696375577472520141201556723071423606340542102846040734750372420082212358817904182555085988254827125812121749733542390700067934628602983854551138338058083054088679120287462296271962637415576344610352720072449215289217014569954684622548589293168193803445760540378767091038638595341184956184960058784456879924897509653160006848764963


34616957840581041122428163103910114369012955973165932484261758608081711886156563501311309317546335939087789623406369448844838117853087766475654414650044751569601724482012596989681400981595202028889345565167898625267749527010848678545891147348609915314195560685276789039194522697697751702467988977686031156139965847556240913830881988846740825118065854698735894357713814923053350518578591815973886408877413502888539109355528867782403940768355792003239745324542204096997241395963837309941393142547442052804750337920061464347


758636507077959486797967387552196567566303561902196971661294668101488064822525327383078637561164371930162658227364864544857403694320511247391741140626685426706835103765537938888613299329116838544479769866372680146627187575263745748580641743838058064703131942205922896461364396432265585352795573380022781014788790871561863688347186916913471343572592150436952753040475279585187041


103850873521743123367284489311730343107038867919497797452785275824245135658469690503933927952639007817263368870219108346534514353559263299426963243950134254708805173446037790969044202944785606086668036695503695875803248581032546035637673442045829745942586682055830367117583568093093255107403966933058093468419897542668722741492645966540222475354197564096207683073141444769160051555735775447921659226632240508665617328066586603347211822305067376009719235973626612290991724187891511929824179427642326158414251013760184393041


3905810620952220529857195000757761870271347244567247066274401854029141798339977667804264173760803854107269483813640635747137554467755865695752668493876460438459832624764165335946296758153332079684944093532195838091792081710020309025977819684279817258121266044603511359516664198355950135829043045360734979995043178069666194084001558230413206395870756008706750380707571589630933095977332222893499386746387307094616077607164076403975856865964253503250847943140496189432949391253443483856702290300158643


32259163734135036905562081196129307826478257710465164957874359034870638112292150963227845692476970351236832343312919941411490531811533866801163733175370487895729440020009288153837806737123


1342516128928335857039057764265219127786647054719350772631473328622035043451095166852864957249816386670886455405599002040542516869708821517676570385622317109158179598972195861718411874459549217821550105742131875130587679323619523196861388716699702630481958883769505511372915816334846839156910407366006748352824325925250167301029231803819482051673096429295542237140166724476523454438613790352258022758802535764935285376491799162840370104550674259580966169521


16830587865558030779155892446855550043016225551488876670733370735764235013521772521530785469314675858651291973196761048606726203382417444657449665280777386060880663758987318540350290603500450909362713039358364458971715221807738329271245078773290419548043024717323828141430896180801611168825128231215434022105389083121822459869676807174990266138335323555259868722756224553662391054389172953188989915267182965203174513426325497930584561


268888143477664476576623963713366119709923761438095540246582300426479271702631177354018976567301758144464443087863536471057597085883409803948916717673393027342427801115636266218143507854730054571991657160573418569619522168256780045877965577779583383506335076005707339834925815075937907905072907


71420452350530991195882189386440455257050104407525593787287115213420003471393169913561892109724216616962442288696493267823142519209346334617265523524911000974736378877000139260643719472791525659069845368213729120871195900798127337698488337120567425713756487102068028100136033869733699794626065549089485502409121670656553722005467013981379723583294499874522529218439432215061085981105980907


52707307769388641421446478537735255957814292610987574069219063591832519708295034729171582081139146681614421665968632011778345789247835682265054344409001857032802554347308342144012484936400835054525870302589875160955308098594262224995263475112315540941076423389228167018781658219333378863847496799271363336970923394073966186231197686035609106906911291531104185906373287968932343273353221325310982099941368716801608969585690538496521318813893694935294507613013214844766612929546592408329797093897084414811264630736059177733342797634391554593168119546747582733343951365265594064505174378943121


1322070819480806636890455259752144365965422032752148167664920368226828597346704899540778313850608061963909777696872582355950954582100618911865342725257953674027620225198320803878014774228964841274390400117588618041128947815623094438061566173054086674490506178125480344405547054397038895817465368254916136220830268563778582290228416398307887896918556404084898937609373242171846359938695516765018940588109060426089671438864102814350385648747165832010614366132173102768902855220001


357696375577472520141201556723071423606340542102846040734750372420082212358817904182555085988254827125812121749733542390700067934628602983854551138338058083054088679120287462296271962637415576344610352720072449215289217014569954684622548589293168193803445760540378767091038638595341184956184960058784456879924897509653160006848764963


17896102346453053754839667333790953211902640194643533325495418220352453699058774059349944380027268879009323157658324654401666055125814258882180097953488071506918592354733666967737210554036647585005397664932733094628782640165234748153494092540817378614132806011795530486649478354655616832106359733199396083314886113641299044735546804742903559648865841


767988022113922934569511929144845506468012403231003733828836874685462304286037839401191649098971643175358800509199983056772781119116000035649678908233886985054696254686107999164587714230807389020261068574779294541600941058086946672277847351640772215666781708340110923979289286797861623711951253806801236050092919938468519272784833576304858081780109703855078879059932037688022048394615000307206194464690917579278238417747713522154808587303559081049634325079978701072977415611972728455015656070862131220798591919397536784736172773894315404041691800320475487946217953851335370187


148247997323372025240624071171845930892102797062912176728321123984488095656095964876115417845998106673049479251727498187314180931270064629138037300374123958881112644286168019720215100645892707257635424102692212588529451010248150419742527652260406430036865530805470910772396120621930789106247620297544228081501382564942858902522234606667484122158260993693290017667076220592739812369591222321133059873490904291045447901025104472805822536528300427212800496448296611621575835268431951612900092953018014739989536373005934893371175708960827522103321604752215302192696856317768112399272144618723724528198618851637594526872645139100474173599238614647726496155129715874542930294083882116300145027563105316335312444853972053961186704631511436733983404117558504580242149647168168311490079949515226655390281863316837517189507126245277367256991596390133194675651747524826759606891712973233335866733507608641


170204863733722518233708633056871829414070549961023128844011480242390871259059060604382992418718762344031396519620656334858134161143150880141919722833874949955428385533346354887105798422207625584290258044145073118606513322930748415336538359458363068366397630363870090031959853807722191134353487163645112855184001585989952775725522514245334182933838794046097448736851016745425336269141586642899516371242703372216378086623026057352410444649631365772475253153132803445291321701136857686345561969994406966216587680066593403343429534204440395066893528229035320468819966718808374976227288070099486659514604227604655997039475056204483753731875501472884827589293562449093689249912852198624165645129909303333251921


675155121849745212129793196759870681725592001960937203444022441244641816765582369161757600591162976283304329


26667814741084697293836333582605203325157153305983768526604878681453634235568930771147395827314681554212831976309596323498437856892247058774657994532533327643621886834035306367718265501369022726261550950465254747482479811708970106461424268607012805132206569353648614438454236726737863743774872557668618779651489491365711539867810181887753623457361417337251984713064913617453804219279742353471980424194408625886465551047708709294020354304439567411709922111512623616992268628369816463637033776057078278936847991926717260801304598718182842606144132713362183425322974992530854423235731081431168111264778770709196628283678983857726865688846069866629630975783476179882075106754152983403699383217644911673030455445956218110483304361631490101145408862972964344648016122286707327661988533681044229730053840482749800204822684600715619373510573363467556872280739948402775885233116149708267


249799620696893784357094865956838755317958346625791117809525755630884855800376765539840968703725194703655688767505426963194173231851456365291746868674546182009460836904854209869921


22116757890994160811435630525385877224229890975270906605475087128176471643531309106318636015523106250010962344021083838243515141310299196391860169827653825863879044261020642303506705797746818862806001336045620287531720519271307903427049927113449917818521624218904275755131307


9510722527101357340525747647537197965886751007681553994034610554442328346281493944874993791266071800329593708229097712659875810002117855554604673436499654209708323639592014707001230914047790029222853540449516608542614875072052519793441054033984528508073352559714628517355485426276535664871435922971220253912946391119645605633303729459373410643352911406881


13999798259535702404833820876257738733962018910651077582664448956544676526342085052992367636163287966349150082784710951905141563043532213483534834540423035552397224099877908002845256187536401972071732059988162068281346610640424533672584677477873566491809370010885870870768361732991531425569554087895026804492325280731953004777235993469444820469753597805515510331690135014377113778028079872145443744751196148389983630538995752182441955835510690866647301805758045876462406552330751936324260434384028437220988823359734687168706954530275648656925543171544451439555785837498075551865351075467882629566288443098927685829959007976720434081209848105957988945452299205435624370181491553455267121


73646511713798575122796984912719972065442963763965157718088140824495694234809769791563557119453781395100095299005451252681753313274955797869053901043160788094315194875447189167642841786159043559692994505896020965550545844301377564417671162719413080716595909513561853854524602282533402601260739642795868655616815282474481665578381912522236870982987


3617322422100172101089523355148834770860744397535544081460907418993299529018843549412955732999338610729791986199910305886248666306159655926020920834197463992851165271118854894497474940425717873955671932320410342299199893312533071477653938954235055507152041248217135437049692550592106276154706655817553165728825379057377306046190310284749593705385783598851100292776374122112595440311585844331475800602674894503007099281968961111684792056960905494102225752585532862137429994570833101620761192616262655601771327983760201119014802620758320586574903283493318691403984083358583431788158195116448798698519819843


2565247350336538756158496029089399488342665074148586598191338322780709497564665831661451831933344895389619261270654023564506356253988331756965350599112541694997814930496466779507741289971109725554444907690651495042175769213189807845030495164348486442317181026874535610643331227069289920564720047434146322527875184136842319748464686354974891958289182069083961091717150518771893164820785391432554475730404353788016234328048391698001


13411318734290290995780227817088614320888925850459416441193675323942976170891888162237579597034057749679665669829221497586127668744482892647915839918729101524978617634064592029902296322494693170086102385747328652503659277684061703347252957246569506861274232762319108709914582149663662138770730796581732278980980921103538309838167163420296876523504556161587207873917827099544826430996121626276001083757741480344280734242143468809875280328003436663877431717869604412396474693275352476933939092626976705796780197439905455427370805683


58503290855628842966035245307100819285634545830976904576118614438534695893918243044620602927058308493301025938658471734010879520135181587629573716669575036365822706839156615920363891451655374898818292891188607366708367923036244112785330934285767279250740843092287286669882136646703741366706174173824291126997984210119926901951363770938944853253330843372316118660722783189684681134835018057063462805087879707055212270294362215526376243903902580306764262373428817291995838471231999968093594877544401759112615630292456083574867091354689717417391672298370505778230155018959756660957955631474579016374647131333753202606888491930825099136429015343865124541262697035387


3978506372830910620390151108998527020132793827428444783035406705257741098049841430403061731020778050650421112715326000001806617447689016390448087874886256949508940849639699168532554389972463676594763763009641463512940518039358351546384547447534993247422849209


14436149206272109862694615787673893976239545754543390738628568787498782489433228914263265869119469242637751668228040022944726303586249140691410596441374147605862809380817908015818035715889434467533337686386249144619683401539981308454814270062944499604843823691596869373491156727783156824195580459710398352714173893515043436958152790909747620667664309914923396589590214401569114883249954701871330173338485825671077518803779841945030327638809530468688166219044756701941143127264411450645446755813491192513331112022295705282835690033677208993726278495559010247128910308566133035802153906880999525452375785868026562527062045173162724145078900609361


19323349832288915105454068722019581055401465761603328550184537628902466746415537000017939429786029354390082329294586119505153509101332940884098040478728639542560550133727399482778062322407372338121043399668242276591791504658985882995272436541441


1541354884451767706866845713432101638419559829558509690353076170064832927241866513339213642929256301543452915544095716715113920615019610649916413133603404486758402173839487725685775634182228574121081231904675407508859073326721533802334207554167708928528258230324043201


326231419329585613260491036716448248052155234296802237749448018855154515558616125545246184611705381961025408663560557495851831599339243628795406603706223057525437642550243594397574085493670459930636675695338045656732806075639544136837317458158027739207116008755989839263618543369367781915129228989939639849736311199835790654150103328328134138556562432318816763625060514047795199428583151055598699530389016190879274346487507196570209935405813845078174779193603


108743806443195204420163678905482749350718411432267412583149339618384838519538708515082061537235127320341802887853519165283943866446414542931802201235407685841812547516747864799191361831223486643545558565112681885577602025213181378945772486052675913069038669585329946421206181123122593971709742996646546616578770399945263551383367776109378046185520810772938921208353504682598399809527717018532899843463005396959758115495835732190069978468604615026058259731201


1449584290062697354142013054037067210164113855766126199365128875848548749623760698807345494782208779199755175770324297006534950465190954969456587934232533792060405980733427024386714054876968454385437210859551380664931393853384014600433021495806207667744757286955437969418607746727104963400615138389151082748505775204945222623579291184175188331558133121


13999798259535702404833820876257738733962018910651077582664448956544676526342085052992367636163287966349150082784710951905141563043532213483534834540423035552397224099877908002845256187536401972071732059988162068281346610640424533672584677477873566491809370010885870870768361732991531425569554087895026804492325280731953004777235993469444820469753597805515510331690135014377113778028079872145443744751196148389983630538995752182441955835510690866647301805758045876462406552330751936324260434384028437220988823359734687168706954530275648656925543171544451439555785837498075551865351075467882629566288443098927685829959007976720434081209848105957988945452299205435624370181491553455267121


119232125192490840047067185574357141202113514034282013578250124140027404119605968060851695329418275708604040583244514130233355978209534327951517046112686027684696226373429154098757320879138525448203450906690816405096405671523318228207516196431056064601148586846792922363679546198447061652061653352928152293308299169884386668949588321


96777491202405110716686243588387923479434773131395494873623077104611914336876452889683537077430911053710497029938759824234471595434601600403491199526111463687188320060027864461513420211369


119232125192490840047067185574357141202113514034282013578250124140027404119605968060851695329418275708604040583244514130233355978209534327951517046112686027684696226373429154098757320879138525448203450906690816405096405671523318228207516196431056064601148586846792922363679546198447061652061653352928152293308299169884386668949588321


2419993291298980289189615673420295077389313852942859862219240703838313445323680596186170789105715823300179987790771828239518373772950688235540250459060537246081850210040726395963291570692570491147924914445160767126575699514311020412901690200016250451557015684051366058514332335683441171145656163


46336150792381577588313262263220434371406283602843045997201608143345357543255478647000589718036536507270555180182966478507


87991662215678599223314074707918398559352242504864231270671703800389866657221678232440759736140452895648286459749522245662583634632552258662975825706781635105384710297097788308188966171887681888934917752888223289076508520885128835661326652494742534516820241153575672245749573483943287292474764756372745482394215823360314850848214759200567806870713392976173670860774863600113606213765553989996843110534541852538825897362703298861591714232030547951699829500942474549733270462579587601163574386725594166732674875403219693058979856086163


13829327731148890501220731636476540304644806547545703990764330804521445948787601897407173664400147304461806113534499079929952853873783735503013012480844784715340435133120836331066926664887274232798956223742469677362866775019172889345948788829502767837746384693446156856516107261429281047579807168166886526013946215090471503042389891073657638942696955311605634885953504556574767747608624532434706073536493313941367639400739736555811370885157649048044389914768491636899141150396382730013203


1317985511089392989489324347971218136174030924531380131865030093251399034234292089319904237837447691188305194563062897286711138510357547559715560548222902196239510596973200001978515378071867739428904530995094633097268998513891827868736222359099570505934684551729039478074376085522845368673984770823350384459279345853001229181703313431974947893892923102831281456078470465810278838421023106830827806615380401620031857065435375494705008577770119167129092543836519731241870290198850513192751367132736288757948893715323817605398481138702298177112363782822818029653717927542095288947616459722909647090306090349325763179031104802031911278692404170752710197441004952495635995518395405762529242317356447067


75941953727633401495975387751402956733923326118809345407235519553869229325728583088194883594381036053597459297291102962102235616819707779337063631974568333458859243134297205349383789755750791996147438576859815194787239674509466480142883732823561088188983876043363828900117645006918265145966606872521220267


128741109194561943124110689460064394567190066265531099292056964867517256022075875724201919305062575316390000284356993451907034543121330804798094183069715214642029341453266170472709748173053771326288360873295670459455029855631921


1633870865462528996991958388567962680745177736312018795100511254075378252667117697681721361964634077041432780320363333725035597820392964235005000734256235636227875308869363440095640514647128646925909071336864811210399621974491551317058888089375052264739535264241058177140939351008843051000017011607755357504930389023858887338721229659042393957415023369552726957656805871132474251280284194215368523429627


3131637955275966295145785461996019673777351260790443889370411675044410005923070780300593191972751121637594039386625316913587793289310973381839010441114380961


16574273196646121691840219311916285528230210552090750279400905291630062264828335393245246385800202304578845128464185210377068109502578043428105807229905149495779995049039455082943356474809249602735186490643603396673921966958265718479770231070366699141752578811969203844110071806603047396998893918098848745096596616361113176555916442022462741378680202830809163421483539808352141412822392473484666947639537478579447967611009866207905803759884867402234150241


27669746574243916018763372598485371145068972147064620825086136159382517107268839399172235972914597656885515086121074594405249840308776850327778636966862023679111844550616664805426688252927715065892886777707747992521458821902005983455416486128047084027494712260005388357820443208332792274213229887174301978101752595706258994034128091230035969405324787372397956911324592645641319095671123883814603523


11190205439652578378416312250378083215444179555214816395127612718521327556073606833871621698003971377609884211080067394431543775968927176791985622617864929510445311703974631068735239586072606932282042298892090515471862809396591675304672843214103736675888695159460018238134397134561396829596099908256186808151304615735915849175892633978356641081184843793428521034969005006127630549716298111477286372104938812539407290184799119749185573843802130654208434343591651150047230092139655166761241306564877525843787593603613575776639554286387570293570381944596250911693289


816607973196610835206582982402303228448971181826026274950642969676186861829959104439996197709164298181165189198098636170783786068393055797717415373981403692656137354175652264513170952634928656172545566055769091978599920198107139942988930031593308938051086269763302116220419617680137616578540033473086482474597510054877251783150080678008409921927312514195001134380668490561183460728541670015736958936256393694923817738974280703884105639397674018637973180077164662667257385789756003824549623947


44251253407592643217506284219656114988310367229719019146604059032744359550469342885086208082958807066168494298097283870248958205502789940742337082545089832504429958875184208715826895387


791924959941107393009826672371265587034170182543778081436045334203508799914995104091966837625264076060834578137745700210963252711692970327966782431361034715948462392673880094773700695546989137000414259775994009601688576687966159520951939872452682810651382170382181050211746161355489585632272882807354709341547942410242833657633932832805110261836420536785563037746973772401022455923889985909971587994810876672849433076264329689754325428088274931565298465508482270947599434163216288410472169480530347500594073878628977237530818704775467


122948396651881333596993124697469647786887865312343639801820896399853347829278087496122074333471311451515520387683372871997072284354554094169600693952168736782088615050588141846430501991188868117051512190477100397631240131804654799212604287965058703020729344309879899330098680876057571058561


963789627401508038293141884359313242788792661876316014227726948437358047465747871765227390797093277171690227941020112537488245890351351186749834846713048228366135144169575866027072770412915369289030601685722102551983002957589235845346881740156429185703579003853475171071643802655441355050932253457833863304985265782994586489576515554366450276853627618577891325517233093543275996395309031721698807688731505050619370478931930951661431137936683891535737872910354191918530181455380729


15587458986520816816612418392283620549593571703009183976905680313127663708726848633842183264978072809105407001485248617252389703124252734965370178596479246314013585274999981905430750790451387183579153875170890090990036254949237917850897032509486155762051155259632469611317799693960101514000027152297162743969688150460809694883208699948102985283726265425550237271973684762169324999949926592665970766501862485551695391240110801283434387401061515477999769696603456539061599662634586204783323711885278829854193156153054158966319104566095516961


31284089534278552179158897538795647879827186102524057127969842462806693213364437800981066391130205801882770069098749408813409393978483385565936886485940797158013129973143679424868468806052066432288071692210847921647572254918556803


3299122687584745137204367643230771106304997323142764671919892526213274482351735424595090152580805831487201081992151782359365957048266356808329891738576418898384550273099110184494910603827424479869838674181059409833013059735407792907696592569535276701736861158593056561375652527873922258647738643928389281331366095207532193114305843094745273866336452296051523189325911545359997748735545153365459326965824504140992990653748551563388621812295143879168563643028714331800616525107242938555105725864904443179487735448344512225826058337229629080065151365167343274055473303802181974301995992231288914893936583978868212030806302235382565661039319775858591452481276532369619717771944703319704609243884667963269698910969623461539798686254883


1427508429116232068654784609302249106798879954505198077794702832678487479931968604949709633922042845640744049155719759192191426130690916296243122266868166789364830910233756783704330865193157544383063726483979745910886039231568030597151220443733280015473273500173909985231407430800908445815801892176220466645947134059212337189541617821947255374674878585650999364069530351601


19802673808329368810280680092831130282907470170841413907583770627570346350388517029167717241590492788254803385772345710486593009034635309590412340797495401379784375007980669431849157360616508185916786949775376055719730317613143084300156749057537036494984668987101329730440544208207348181338244800700134914559909318950676868255353622647116077733421549951883945939081226888297825628600760907916776643811366016009708530595034076742154084552550796253344535279896785599370566704066408025576744521006160757905803994543615507932559245588034580238307652257282592931589726074850662600551651449768174932033437292000036436936984972802692351364991633209


1462918387638636159341883208747897842627675244432336103625637812472513716352050443714545050060853714597277474724879643896420265029980878051688779256232896770311051960046545741996301172995023497439778529309375751932823067733747028337128021596529343916477919438700079620689105539115563810381002907881098060691850163921138100686151256291416704437580014278110297130170922181119769767931684757956329364115219670082621677487549187818342065611750625489301339844467224650772626338420324361547230626506492641162459334085011972364491336124967647194825863724431055270571184892098074533302202714684614162892669411400102123783580067246017099356101041010380616651228018660236193701973751223146491001559816612897393646666054489584676323551827737429706783271193346040356201038985307049


1103116283258102431095259805186845128783712255978524134362086403188977540371382667969849727630538275081474468366042656939170218630876179808720314733144381108511144553748984817770160240913718536791086516850696780602382161167987113731303296201218146550514573501866253984693309617736998439110545617959029037837482852459796967521539944468697332479486762211922093110279009728866588780156400225394756408426839921844034221609241673703689370560169085462038317411251382582241894666800441158740778234074684907903255955283


27584244764354155600648132819557552425739308911053695468526968667034154323890864994134663497833719592115504382599703439971159691892334079575950404443602011446419336838856217871035340130932411874730384556226187585284602489506430910226260180660548868167768949533427872186443688573136754877140349163925082852909890811389633325754158218960155661580859917647983184095293217869194797812875032890171652755437809974386936487593188723410660757927857155382408123260395142706116425963755121964144605143879103181152277185695248883232464581928078865823739449075099419284788299002050992377522786600848885184950190177034353137197041


2449823919589832505619748947206909685346913545478078824851928909028560585489877313319988593127492894543495567594295908512351358205179167393152246121944211077968412062526956793539512857904785968517636698167307275935799760594321419828966790094779926814153258809289906348661258853040412849735620100419259447423792530164631755349450242034025229765781937542585003403142005471683550382185625010047210876808769181084771453216922842111652316918193022055913919540231493988001772157369268011473648871841


401924713566685789009947039460981641206749377503949342384545268777033281002093727712550636999926512303310220688878922876249851811795517325113435648244162665872351696790983877166386104491746430439519103591156704699911099256948119053072659883803895056350226805357459493005521394510234030683856295090839240636536153228597478449576701142749954856153975955427900032530708235790288382256842871592386200066963877167000788809107662345742754672995656166011358416953948095793047777174537011291195688068473628400196814220417800124334978068973146731841655920388146521267109342595398159087573132790716533188724424427


321263209133836012764380628119771080929597553958772004742575649479119349155249290588409130265697759057230075980340037512496081963450450395583278282237682742788711714723191955342357590137638456429676867228574034183994334319196411948448960580052143061901193001284491723690547934218480451683644084485944621101661755260998195496525505184788816758951209206192630441839077697847758665465103010573899602562910501683539790159643976983887143712645561297178579290970118063972843393818460243


744774608637562201217499586128053915494961340598449777650228154009922166745053354841635914441510428987118618330191992879221311681093020148550660919977254309053322094649117882517954183535175120617720383018107064802684267216673634576109024877834819440529761637402552549033979591474692381682789427425977237028567051907520099795362271911924202862683217776495545970572916882468259540947625888034634624396820869308447285165016095532087840464052143195325019328030668853065143501021388293031904338884735785891111484013771719847276543712058129377240965125027684320689284073055376794193115238222919899993655134779927534704320107


2037780315197892556463133335700635380122532471678485922648004456918809992935019135643479478078246565906165296282263122385787985242387701928332932535133688635977322498057452728630831016939272257639722590639153566567002245762974752162851505442814944872503319343836744343684004360040802629671155699491932432937478648612293143136134249925202264293193722846818778339430628590057642457584174161550795931249517276926748173826619664691399299273329525071890429580889953847584231952328499670508977797507927170176325249022214541461840579571437370012385539433374208563068774508585062930471816759157018697525790583152255331972563877521442497791877314907239666730626402169321547965841515048425884802382043399774178518004402650173003654516729233321758683263201


27248361297110067427811606978991090748147816142666679981910043208240790048000424013358686201199957441390543000796881553175157437091545085531928451195982703663563588226534898961700441519457146315619225268490003577327109254413213610074888693819275323951529319723621271837759071796392273319563420858335558554060797266994353854765069100007041893704348242584162226546197422452284591420755185112489153358535172100090236039763


178224064274964319292526120835480172546167231537572725168253935648133117153496653262509455174314435094293230471951111394379337081311717786313711067177458612418059375071826024886642416245548573673251082547978384501477572858518287758701410741517833328454862020883911967573964897873866133632044203206301214231039183870556091814298182603824044699600793949566955513451731041994680430657406848171250989794302294144087376775355306690679386760972957166280100817519071070394335100336597672230190700689055446821152235950892539571393033210292311222144768870315543336384307534673655963404964863047913574388300935628000327932432864755224231162284924698881


1002971188600614663150284190155603955200617066181876594249473817457019114430836145127797993749839918827033309464267565334175862445536272796034268024429251940663495487581419564106883958405197757626499922640437772543003870570032772446105296138738348545664449161935667927439313385318979668714046100270369625343304098956008005482336028966370075213149765790910209684658529723715170312763029974391034940614517575589237587403900795836385205257985986531659528782869541288107538127056274725815745025110314114135755754080526524928366533595368001178518698117225616505228620260312114126495461765581258486538565944082079632219341178801552333266897431859689326482499191715199738396807545672024213618286841325002347457448709045671332537053947392311121373460173418269413639253561966442976044682864400019028722539835095064599800989871528479689933866110802315517922789207041


2412515311485470016805333193943630296649978703825032281849882963774293880792213894850061354327987207603184662316535290725965268145726205241671328321386761484313873139049029796463340446878302439962106212352473859177409786474387817730360308792064086505975372248581497464524268133990815586334763266476396505750574998329575967969607858553041066132637548957473617632180194277031229662202047292938332265229498909072902842659411540389968653415089789905477800178406773707363023636292564814166081997921335893584420774203921


611965085887717778098950798459022773658411493370509560401827705850048452820578641851929595747845552615663490720632226325945667625293149713147636604689203724298075031215101913161219224871867620475019730959336879545457271970634633590263929689871108276823082418163327743713480811704831160397308526579038802449497843906871402382952814971559350113168844257888298233361219635433292710868805156009766629927472367190173691369418533554023506073903296580111826274483828511052830455215222274222343732981105975715652483346037556820559196669351322194658177867231786291798039809723762216316552136238027000227011129568241786974900473986432445980184537784634335701895191158598529009794561


301201922992997368254641982706446893263749693511417211990228053304032561257961527116495187669163814628048126622124574150825992529915058585238817399478200439501673926577972832475843896255081127977281082237980149799403234916103620803898788480510704006270858158589482598547334395534576861909327039087682545346887783770531608443573458972905437417089072138608802668396104034428206038619636962247740689998331374286118937259300477338118101329839866951786891701630943335184859057401353984911281865652574806806821570192114912735490135971288822817211384464443919201266142494319662499534152871522408417723388145518568998301013688971910652862552386876961296343770900937495234046843341771318129213658556634948485260355807396097566609494384102876258043555768978336951834924509935071825109794880801


161064921118077483793557006004118578907123761751791799929458763983172083291528966534149499420245419911083908418924921889614994496132328329939620881581392643562267331192603002709634894986329828265048578984394597851659043761487112733381446832867356407527195254106159774379845305191900551488957237598794564749833975022771691402619921242686132036839792569


124849745640593184256214502788000232711984346194239284918599169775251467106591187580476305077269760425019686159071753053924227569816588462643229463821875763427430576080998505780547826368760514503807579784278708008217584939464444237989070811887584423210788916656247499281

